1556050522
-20353456130
-2880459746
6933718260
1101518953
-2582526006
-5737007651
13473104613
-3111378163
2102031960
-7770431889
8527767262
15878270855
8182592558
2578681728
-5698646284
-9454663667
9480983002
50500977
5158329016
16085528691
8783446612
12411367351
6866985565
-7768535656
-5734792755
3686885171
-12840311933
-1348902084
-7811041838
10776774471
2126331608
13920986624
-2777090488
-6442005854
-646762908
-3915201114
6365392078
-9634343885
13935707923
-272469316
-5555427934
-15563849182
7304316709
-12494581527
2421802926
7186901454
-5545614477
-136921993
-6660051972
-9607461958
4935490412
13529086530
14073973207
-568563337
-5569849694
-3712189308
-7970967112
