16686.0,14788.0,15935.0,9971.0,10839.0,17479.0,15717.0,9146.0,17885.0,10106.0,13971.5,17837.0,8200.0,10700.0,9071.0,17049.0,12576.0,17759.0,11108.0,12620.0,17114.0,18464.0,12997.0,17064.0,
14229.0,13045.0,17464.0,12132.0,15542.0,14024.0,15076.0,15189.0,12220.0,18742.0,15829.0,12769.0,17359.0,12840.0,12391.0,13575.0,15482.0,11870.0,19996.0,8668.0,9592.0,13910.0,8967.0,10195.0,
13879.0,12993.0,11723.0,7478.0,8483.0,16044.0,17211.0,17175.0,9973.0,18911.0,12803.0,13149.0,19273.0,9303.0,10620.0,11937.0,7985.0,9337.0,12995.0,19282.0,8949.0,17697.0,18900.0,
16680.0,15725.0,13906.0,7651.0,16028.0,17606.0,18999.0,18116.0,8706.5,13628.0,11498.0,12109.0,9349.0,9047.0,8752.0,17091.0,14772.0,8887.0,17237.0,6984.0,15575.0,14908.0,17360.0,18883.0,11834.0,18621.0,16784.0,17763.0,7803.0,10340.5,12878.0,11617.0,6812.0,7797.0,9066.0,10172.0,18640.0,13928.5,9217.0,18910.0,15931.0,16041.0,
18195.0,10266.0,7171.0,19348.0,15541.0,7967.0,7546.0,11416.0,19204.0,9103.0,7456.0,17153.0,16941.0,7758.0,16283.0,14723.0,13426.5,12130.0,12324.0,10928.0,10314.5,9701.0,7704.0,16319.0,9190.5,14081.0,15111.0,7813.5,13120.0,12156.0,19136.0,18838.0,15485.0,7013.0,15820.0,16373.0,15179.0,12531.0,16786.0,13343.0,15627.0,9184.0,8270.0,8195.0,9956.0,17411.0,11471.0,15695.0,7342.0,13649.0,16252.0,6871.0,15893.0,19843.0,9880.0,
16886.0,11666.0,13434.0,10379.0,6965.0,13047.0,15885.0,16357.0,9837.5,14092.0,7158.0,7748.0,7894.0,14609.0,10678.0,15799.0,6819.0,12092.0,8138.0,8928.0,11107.0,13626.0,8939.0,7416.0,11689.0,14272.0,9776.0,13736.0,18581.0,16856.0,11323.0,13270.0,8388.0,
10480.0,17055.0,12392.0,15039.0,15709.5,16380.0,17452.0,14346.0,17497.0,11982.0,11039.0,
12511.0,19226.0,16776.0,16118.0,10094.0,19429.0,14961.0,12491.0,10268.0,6822.0,15037.0,10758.0,13580.0,11985.0,14509.0,17242.0,13992.0,11800.0,9133.0,10231.0,11329.0,10494.0,7966.0,7190.0,11138.0,8511.0,6816.0,16294.0,9259.0,8349.0,11930.0,11911.0,9021.0,14436.0,9228.0,14915.0,15576.5,16238.0,10272.0,12681.0,7855.0,7817.0,15706.0,18409.0,8943.0,10784.0,14371.0,16285.0,16863.0,15176.0,18899.0,16747.0,6921.0,11939.0,15113.0,11259.0,9882.0,14889.0,12815.0,18718.0,14735.0,
19013.0,18375.0,9887.0,6887.0,17709.0,14847.0,18270.0,19995.0,13929.0,7863.0,8637.0,10020.0,11403.0,14433.0,11386.0,8339.0,11073.0,15712.0,18932.0,19084.0,8230.0,9308.0,12699.5,16091.0,9068.0,15395.0,16788.5,18182.0,14145.0,16164.0,
9848.0,9976.0,17264.0,15719.0,18401.0,15453.0,14979.0,14260.0,14732.0,16815.5,18899.0,6871.0,16383.0,14185.0,10988.0,16407.0,19002.0,16017.0,8407.0,14398.0,8261.0,11211.0,14161.0,17916.0,10294.0,9606.0,8480.0,6854.0,12391.0,7170.0,15846.0,6958.0,19122.0,8117.0,18163.0,6860.0,11297.0,9472.5,7648.0,18845.0,6945.5,10493.0,12804.0,14083.0,9160.0,7266.0,8034.0,18104.0,8919.0,14967.0,19766.0,8741.0,15236.0,7722.0,19713.0,12412.0,
16906.0,14690.0,10664.0,8125.0,8976.0,12445.0,17581.0,14107.0,7527.5,9853.5,18759.0,10966.0,8746.0,13159.0,15879.0,11823.0,18273.0,9929.0,18217.0,8802.0,9302.0,11920.0,
13593.0,15221.0,9059.0,6859.0,17765.0,18771.0,16667.0,19478.0,8566.0,19554.0,14511.0,8872.0,14725.0,9820.0,10746.0,11672.0,13376.0,14561.0,6937.0,9303.0,7981.0,15109.0,18708.0,14605.0,
18729.0,7812.0,17016.0,14483.0,8918.0,11594.0,6746.0,8113.0,16704.0,16701.0,10514.0,9196.5,7879.0,18014.0,11090.0,17007.0,14434.5,11862.0,16926.0,12440.0,15604.0,15205.0,14957.0,7579.0,16992.0,12602.0,18074.0,
16099.0,16222.0,17737.0,9730.0,9016.0,10900.0,7996.0,13644.0,11931.0,13516.0,7509.0,10930.0,14928.0,11698.0,13365.0,15007.0,15841.5,16676.0,16323.0,7107.0,8471.0,9264.0,10557.5,11851.0,9694.5,7538.0,19237.0,19749.0,7800.0,7280.0,8756.0,16105.0,11204.5,12597.0,14207.0,7327.0,19425.0,14865.0,19965.0,9216.0,8821.0,8447.0,10252.0,12234.5,14217.0,8747.0,17122.0,7635.0,
17503.0,11191.0,7407.0,7074.0,12110.0,17271.0,13220.0,14459.0,12419.0,7410.0,8379.0,17060.0,9507.0,16682.0,12687.0,17181.0,16860.0,11388.0,19418.0,8196.0,7051.0,8846.0,17113.0,11468.0,15034.0,16727.0,8898.0,15459.0,13822.0,18927.0,12445.0,11643.0,8830.0,11317.0,
14869.0,16657.0,8857.0,12456.0,15583.0,10400.0,12583.0,14921.0,19612.0,7276.0,13737.0,19012.0,12774.0,17052.0,13311.0,15522.0,15971.0,11215.0,19277.0,9464.0,17617.0,10744.0,16704.0,10534.0,19619.0,6961.0,10733.0,8825.0,18464.0,
16498.0,17786.0,9667.0,13083.0,9498.0,18525.0,17239.0,14002.0,6838.0,13078.0,11480.0,10810.0,17547.0,11299.0,16698.0,11988.0,15022.0,9081.0,7735.0,14743.0,
8765.0,17392.0,16558.0,18521.0,15764.0,14114.0,8517.0,18171.0,8828.0,8474.0,10595.0,12604.5,14614.0,10118.0,7688.0,11636.0,13901.0,19899.0,18541.0,9165.0,16317.0,11847.0,19231.0,13830.0,7567.0,10474.0,8875.0,12787.0,17792.0,9168.5,17165.0,17795.0,14078.0,8147.0,13608.0,18758.0,
19498.0,9416.0,7132.0,17412.0,12746.0,11546.0,18295.0,11225.0,17271.0,8938.0,10575.0,14008.0,10731.0,7454.0,6966.0,12968.0,19458.0,14653.0,10688.0,15223.5,19759.0,18949.0,11308.0,18702.0,14785.0,10868.0,14247.0,10390.0,14050.0,17423.0,
15695.0,15075.0,18447.0,12624.0,9451.0,6806.0,10544.0,8677.0,8010.0,14439.0,14893.0,13472.0,15824.0,14389.0,7784.0,7818.0,19556.0,11295.0,16419.0,
16128.0,10432.0,12088.0,8259.0,15411.0,8886.0,9350.0,8963.0,8903.0,16514.0,18690.0,6786.0,15964.0,9515.0,14398.0,9362.0,14117.0,8655.0,11392.0,12136.0,11438.0,9460.0,17689.0,7837.0,10955.0,7479.0,10882.0,14285.0,13293.0,17624.0,14630.0,16430.0,14016.0,8926.0,17838.0,10013.0,11035.5,12058.0,14149.0,15725.0,16584.0,10684.0,
16161.0,19005.0,8161.0,15907.0,8858.0,11980.0,10072.0,15163.0,15698.0,16233.0,11280.0,11684.0,12088.0,14804.0,8235.0,16137.0,14931.0,19867.0,16616.0,16738.0,14369.0,15178.0,17657.0,12203.5,6750.0,12685.0,7855.0,12059.0,16253.0,11262.0,6758.0,11790.0,16822.0,18755.0,18120.0,16176.0,12347.0,18319.0,6976.0,8906.5,10837.0,7245.0,16854.0,12051.0,13132.0,17975.0,11384.0,
16716.0,7731.0,14684.0,9321.0,13098.0,16658.0,16638.0,9479.0,16671.0,9991.0,9388.0,12797.0,17757.0,10822.0,19186.0,8725.0,12166.0,16186.0,8805.0,11353.0,8807.0,10453.0,16604.0,8125.0,9308.0,13491.0,12877.0,16332.0,16531.0,8860.0,12657.0,14953.0,13325.0,
12283.0,18718.0,16076.0,11635.0,11059.0,16312.0,19538.0,19582.0,9128.0,15716.0,18052.0,14937.0,7995.0,7880.0,9122.0,12768.0,8746.0,14124.5,19503.0,18946.5,18390.0,7462.0,7225.0,8716.0,10800.0,7457.0,10572.0,18910.0,8445.0,17965.0,6955.0,14340.0,14304.0,19187.0,14187.0,7890.5,9322.0,18921.0,10803.0,16987.0,7919.0,12314.0,18914.0,
7712.0,15427.0,12683.0,13930.0,18424.0,12306.0,18929.0,11159.0,10011.0,15599.0,19703.0,7751.0,8688.5,9626.0,11389.0,11555.0,8772.0,12714.0,11124.0,12365.0,14220.5,16076.0,12926.0,7434.0,13078.0,10388.5,19151.0,12780.5,10990.0,8421.0,10668.0,15595.0,6884.0,7944.0,12613.0,7781.0,9871.0,12277.0,10262.0,8679.0,14051.5,19424.0,12416.0,17579.0,11869.0,
13725.0,16887.0,6972.0,15491.0,13892.0,19984.0,11514.0,9408.0,7957.0,13598.0,12669.0,16616.0,19102.0,18991.0,13437.0,14614.0,18495.0,9391.5,19461.0,19627.5,19794.0,13095.0,17215.0,18901.0,9097.0,12877.0,10519.0,18654.0,11719.0,7676.0,13481.0,18495.0,17265.5,16036.0,15052.5,14069.0,9658.0,16588.0,19967.0,10577.0,19050.0,6949.0,19634.0,18556.0,10714.0,14242.0,19846.0,8576.0,12771.0,10165.0,10159.0,19145.0,
9848.0,13195.0,16044.0,19560.0,8834.0,7933.0,16363.0,19042.0,9881.0,12622.0,10405.0,11162.0,19786.0,16009.5,12233.0,12991.0,14999.0,12203.0,10609.5,9016.0,12362.0,8759.0,12815.0,12916.0,19717.0,12227.0,8404.0,9301.5,10199.0,14940.0,15974.0,
10058.0,17057.0,8077.0,18355.0,17105.0,13550.0,8310.0,9085.0,17884.0,11905.0,
10449.0,9899.0,16464.0,16184.0,14945.0,16573.0,7398.0,15845.0,11152.0,13238.0,10998.0,8758.0,14657.0,17621.0,16403.0,19998.0,13471.0,18969.0,19684.0,7639.0,11197.0,16700.0,13744.0,8338.0,10336.0,16426.0,18641.0,16953.0,19887.0,16204.0,7956.0,8255.0,13035.0,8470.0,9316.0,
10753.0,7173.0,12295.0,12847.0,13072.0,18833.0,19000.0,14959.0,17737.0,17060.0,16398.0,11185.0,8985.0,17798.0,14956.5,12115.0,14279.0,6956.0,16195.0,15766.0,8484.0,14300.0,12027.5,9755.0,13053.0,8340.0,18315.0,15151.0,11987.0,10595.0,11620.0,11178.0,10736.0,12880.0,19011.0,14667.0,16729.0,9807.0,12015.0,16115.0,9120.0,15036.0,9527.0,9723.0,13059.5,16396.0,16315.0,15192.0,7983.0,11992.0,16001.0,8720.0,12107.0,19342.0,8589.0,16157.0,19367.0,
12281.0,13565.0,8547.0,17476.0,13453.0,9922.0,16494.0,17909.0,16987.0,17702.0,15010.0,14994.0,15626.0,16502.0,17566.0,19786.0,9899.0,14788.0,9234.0,10499.0,9593.0,
6737.0,18268.0,12839.0,9508.0,11623.0,9656.0,6727.0,18961.0,14669.0,7578.0,17118.0,15411.0,8424.0,9652.0,18735.0,14890.0,6922.0,6771.0,8773.0,13197.0,13346.0,12151.0,9196.0,12321.0,11429.0,10938.0,9082.0,11513.0,14832.0,10669.0,13827.0,18276.0,10622.0,10947.0,18679.0,14750.0,17372.0,
12211.0,12864.0,14480.0,18228.0,19868.0,7266.0,15884.0,11065.0,12551.0,19316.0,16840.0,15219.0,7789.0,13877.0,18247.0,9355.0,14433.0,14429.0,8244.0,
7004.0,17128.0,11634.0,11944.0,7578.0,17340.0,17188.0,12503.0,19433.0,7247.0,13637.0,9640.0,14898.0,9689.0,11875.0,19697.0,
13093.0,10462.0,19950.0,19979.0,16770.0,7465.0,14355.0,18350.0,11580.0,14589.0,8079.0,14259.0,15351.0,12463.0,13710.0,14555.5,15401.0,6905.0,10160.0,19339.0,14966.0,16464.0,11742.0,13679.0,10880.0,14020.0,
19564.0,16771.0,16752.0,7894.0,18750.0,10095.0,14631.0,8389.0,7242.0,13769.0,8218.0,7108.0,11121.0,17809.0,9971.0,7710.0,7884.0,17352.0,9610.5,12618.0,12574.0,18125.0,11212.0,8244.0,9529.0,
7728.0,18960.0,13008.0,19557.0,7779.0,7499.0,9375.0,19565.0,16349.0,15295.0,7710.0,12009.0,12645.0,13135.0,8703.0,9379.0,14992.0,16847.0,8435.0,15417.0,6806.0,9851.0,17483.0,12178.0,12628.0,17188.0,
8067.0,9099.0,19671.0,7723.0,18909.0,8012.0,19551.0,19063.0,19285.0,15692.0,10591.0,12809.5,19749.0,7236.0,14379.0,15156.0,10211.5,8470.0,11649.0,18286.0,19914.0,12258.0,12316.0,18930.0,16050.0,18838.0,16656.0,19696.0,19367.0,19321.0,13198.0,
19908.0,19412.0,17482.0,18889.0,16831.0,14932.0,13372.0,18061.0,14806.0,17169.0,19532.0,7628.0,12311.0,16994.0,15065.0,14794.0,16367.0,17761.0,
16193.0,13292.0,9323.0,9239.0,16017.0,16424.0,10736.0,8780.0,11623.0,12232.0,13130.0,15641.0,9794.0,8336.0,8290.0,8244.0,7657.0,12370.5,19667.0,10035.0,14016.0,10283.0,9408.0,18315.0,18978.0,19641.0,12558.0,12967.0,16529.0,10143.0,13484.0,10738.0,7992.0,10181.0,17459.0,9241.0,11998.0,7144.0,13020.0,16785.0,8222.0,19483.0,10428.0,16569.0,19435.0,19173.0,11861.0,14132.0,19155.0,9829.0,18458.0,
8953.0,11754.0,12764.0,19386.0,17653.0,8366.0,7549.0,18773.0,13639.0,7167.0,19670.0,7479.0,15717.0,12412.0,11157.0,10519.0,19946.0,9367.5,15964.0,7530.0,10169.0,6793.0,15946.0,12949.0,9075.0,8649.0,10437.0,8460.0,14501.0,11844.0,8505.0,7640.0,14868.0,7097.0,13159.0,18633.0,17954.0,9821.0,17508.0,15134.0,16078.0,17022.0,7972.0,9615.0,17171.0,6836.0,14325.0,11477.0,14288.0,12790.0,19156.0,15493.0,16432.0,
13074.0,18950.0,17831.0,11668.0,6849.0,13254.0,9066.0,8180.0,18307.0,8745.0,9442.0,13612.0,10885.0,15628.0,8575.0,17912.0,8437.0,15352.0,14966.0,9177.0,18690.0,14831.0,7379.0,13951.0,17255.0,11262.0,14953.0,
18136.0,10759.0,10594.0,12849.0,12431.0,15598.0,16802.0,15592.0,7044.0,18020.0,13065.0,9925.0,8908.5,16856.0,18304.0,17886.0,18268.0,13293.0,
7374.0,14228.0,14193.0,18225.0,7348.0,12639.0,13617.0,15154.0,7092.0,17074.0,16088.0,14142.0,19647.0,13482.5,7318.0,16961.0,15081.0,11229.0,8169.0,8611.0,13951.0,18851.0,12770.0,7560.0,8524.5,9489.0,8940.0,13841.0,7366.0,18949.0,19726.0,18829.0,12089.0,13955.0,8779.0,13131.0,15537.0,15817.0,8119.0,9836.0,10419.0,6869.0,6967.0,11553.5,16140.0,16214.0,7354.0,11715.0,19925.0,
17890.0,12682.0,15764.0,11648.0,6874.0,9331.5,11789.0,18654.0,17699.0,8439.0,14803.0,13353.0,8657.0,8067.5,7478.0,17304.0,7874.0,9233.0,6792.0,17683.0,10359.0,7509.0,9641.0,11707.0,11348.5,10990.0,18649.0,10940.0,16613.0,19496.0,9536.0,16064.0,12049.0,14716.0,18401.0,14244.0,10292.0,19192.0,
17650.0,12445.0,13124.0,12933.0,11906.0,16960.0,16519.0,9059.0,10563.0,16525.0,19142.0,6796.0,6843.0,
7077.0,15835.0,17098.0,16029.0,16761.0,16653.0,7073.0,9549.0,15624.0,16696.0,18248.0,19800.0,17880.0,10074.0,11224.0,14820.0,12214.0,7046.0,11184.5,15323.0,17576.0,13703.0,12407.0,8783.0,16056.0,9278.0,15489.0,19929.0,17790.0,8890.0,12951.0,9974.0,15637.0,13896.0,8728.0,12707.0,8194.0,10051.0,14056.0,18011.0,18024.0,7155.0,9151.5,11148.0,7779.0,12576.0,9561.0,17169.0,17125.0,10336.0,9599.0,7397.0,9384.0,
8013.0,19352.0,12924.0,8601.0,8332.0,17275.0,10147.5,15916.0,10870.0,9118.0,16770.0,16699.0,10866.0,10538.0,9915.0,9960.0,11939.0,18331.0,11400.0,15765.0,13431.0,6854.0,
15560.0,18304.0,7571.0,19490.0,8751.0,10167.0,11832.0,12283.0,10661.0,7720.0,9178.0,14340.0,8545.0,8163.0,7504.0,13745.0,17841.0,14234.0,18965.0,17523.0,8050.0,8452.0,7724.0,11610.0,19972.0,11167.0,12686.0,16766.0,15335.0,
9704.0,18145.0,19072.0,8674.0,10978.0,15300.0,17813.0,15382.0,16359.0,16670.0,10033.5,16332.0,13499.0,12794.5,12090.0,10197.0,13144.0,7642.5,11346.0,18399.0,11919.0,17389.0,17211.0,8352.0,
10225.0,13075.0,17723.0,15297.0,8330.0,11921.0,10286.0,12425.0,18115.0,9188.0,12173.0,16117.0,19066.0,12384.5,19582.0,19133.0,10980.0,8211.0,9319.0,14958.0,18620.0,14232.0,18178.0,10670.0,7572.0,10688.0,17724.0,
7230.0,8518.0,8807.0,15610.0,12125.0,11974.0,18389.0,8005.0,11828.0,10854.0,17827.0,9766.0,19719.0,7658.0,13139.0,8997.0,15562.0,13798.0,13584.0,13370.0,9618.0,10645.0,7709.0,14489.0,12897.0,17750.0,14518.0,15263.5,16009.0,17357.0,8371.0,6935.0,7426.0,19732.0,18263.0,17193.0,16185.0,13066.0,8264.0,12230.0,18122.0,14549.5,10977.0,14600.0,15889.0,14131.0,9174.0,15363.0,18977.0,18908.0,16331.0,15704.0,16542.0,10894.0,
8482.0,13209.0,16911.0,18385.0,11450.0,19264.0,16984.0,7081.0,11570.0,17890.0,15121.0,19430.0,8962.0,10415.5,11869.0,13613.0,12303.0,15325.5,18348.0,17967.0,9437.0,10425.0,15635.0,18821.0,19478.0,15276.0,12146.0,9430.0,
19035.0,19821.0,17040.0,18140.0,19855.0,12610.0,17134.0,8534.0,8338.0,8142.0,7786.0,7430.0,15482.0,7877.0,14533.0,14272.0,12211.5,10151.0,17526.0,12557.0,9503.0,10582.0,11640.0,13763.0,17590.0,7004.5,12918.0,9447.0,14521.0,15648.0,8232.0,15313.0,19745.0,18332.0,12242.0,9987.0,16280.0,7627.0,8956.0,19469.0,15591.0,7634.0,16697.0,19382.0,
16259.0,16422.0,10664.0,8260.0,11860.0,7766.0,17431.0,13925.5,10420.0,7532.0,11290.0,14546.0,11023.0,14177.0,18441.0,7655.0,7573.0,12851.0,15925.0,13157.0,16670.0,13935.0,18872.0,11935.5,12073.0,6849.0,18580.0,15174.0,11228.0,13639.0,7906.0,
10128.0,13644.0,13077.0,11714.0,16662.0,16143.0,10725.0,11586.0,12447.0,19526.0,9430.0,8542.0,12353.0,8965.0,16422.0,10364.0,17773.0,17903.0,8236.0,14006.0,8367.0,13654.0,8662.0,16354.0,16901.0,8555.0,17726.0,16134.0,7082.0,7767.0,17414.0,15918.0,15121.0,13897.0,11386.0,9918.0,14283.0,17925.0,10664.0,11209.0,
6941.0,17842.0,7956.0,19790.0,8102.0,19112.0,10467.0,10524.0,12124.0,16284.0,15536.0,14500.0,16092.0,18508.0,12722.0,7955.0,13318.0,16123.0,7975.0,11620.0,15265.0,14863.0,14624.0,18172.0,12668.0,14503.0,10081.0,18493.0,13720.0,16318.0,17621.0,18790.0,10782.0,
13030.0,13315.0,9888.0,19249.0,17122.0,11507.0,14821.0,10799.0,7451.0,12047.0,18011.0,15341.0,16363.0,14471.0,14100.0,13729.0,18995.0,14754.0,15750.0,17057.0,13602.0,9137.5,12252.0,7485.5,7452.5,12186.0,16117.0,11363.0,14060.0,10357.0,14781.0,12122.0,15627.0,17762.5,19898.0,7634.0,9506.0,11929.0,12335.0,
9452.0,16553.0,18785.0,13236.0,12755.0,12772.0,13273.0,17276.0,12691.0,18440.0,9687.0,7535.0,12665.0,9927.0,14783.0,19639.0,19446.0,7256.0,11838.0,10232.0,13782.0,7637.0,8325.0,12042.0,11923.0,16755.0,8176.0,11565.0,14954.0,16942.0,9334.0,8351.0,16437.0,17680.0,
